vi vj e
0 57 1
0 58 1
0 59 0
0 60 1
0 61 1
0 62 1
0 63 1
0 64 0
0 65 1
0 66 0
0 67 1
0 68 0
0 69 1
0 70 1
0 71 1
0 72 0
0 73 0
0 74 1
0 75 1
0 76 0
0 77 0
0 78 0
0 79 1
0 80 0
0 81 0
0 82 0
0 83 0
0 84 1
0 85 0
0 86 1
0 87 1
0 88 0
0 89 0
0 90 0
0 91 1
0 92 0
0 93 0
0 94 0
0 95 1
0 96 1
0 97 0
0 98 0
0 99 1
0 100 0
0 101 0
0 102 1
0 103 0
0 104 1
0 105 1
0 106 0
0 107 1
0 108 1
0 109 0
0 110 1
0 111 1
0 112 0
0 113 1
0 114 0
0 115 1
0 116 1
0 117 0
0 118 1
0 119 1
0 120 1
0 121 0
0 122 1
0 123 1
0 124 0
0 125 1
0 126 0
0 127 0
0 128 1
0 129 0
0 130 1
0 131 0
1 57 0
1 58 1
1 59 0
1 60 0
1 61 1
1 62 1
1 63 0
1 64 1
1 65 0
1 66 0
1 67 1
1 68 1
1 69 1
1 70 1
1 71 1
1 72 0
1 73 1
1 74 1
1 75 1
1 76 0
1 77 0
1 78 1
1 79 1
1 80 0
1 81 1
1 82 0
1 83 0
1 84 1
1 85 0
1 86 0
1 87 0
1 88 0
1 89 1
1 90 1
1 91 1
1 92 1
1 93 0
1 94 0
1 95 0
1 96 1
1 97 0
1 98 1
1 99 0
1 100 0
1 101 1
1 102 0
1 103 0
1 104 1
1 105 0
1 106 1
1 107 1
1 108 0
1 109 0
1 110 0
1 111 0
1 112 1
1 113 1
1 114 1
1 115 0
1 116 1
1 117 1
1 118 0
1 119 1
1 120 0
1 121 1
1 122 0
1 123 0
1 124 1
1 125 1
1 126 1
1 127 1
1 128 1
1 129 0
1 130 1
1 131 0
2 57 0
2 58 1
2 59 0
2 60 1
2 61 0
2 62 0
2 63 1
2 64 1
2 65 0
2 66 0
2 67 1
2 68 1
2 69 1
2 70 0
2 71 1
2 72 1
2 73 1
2 74 1
2 75 1
2 76 0
2 77 1
2 78 0
2 79 0
2 80 1
2 81 0
2 82 1
2 83 0
2 84 0
2 85 0
2 86 0
2 87 1
2 88 0
2 89 1
2 90 1
2 91 0
2 92 1
2 93 1
2 94 0
2 95 0
2 96 0
2 97 1
2 98 1
2 99 1
2 100 0
2 101 1
2 102 0
2 103 0
2 104 1
2 105 1
2 106 1
2 107 1
2 108 1
2 109 0
2 110 0
2 111 1
2 112 0
2 113 0
2 114 0
2 115 1
2 116 1
2 117 0
2 118 1
2 119 0
2 120 1
2 121 0
2 122 1
2 123 0
2 124 0
2 125 0
2 126 0
2 127 1
2 128 0
2 129 1
2 130 0
2 131 1
3 57 0
3 58 0
3 59 1
3 60 0
3 61 1
3 62 0
3 63 0
3 64 1
3 65 0
3 66 1
3 67 1
3 68 0
3 69 0
3 70 0
3 71 1
3 72 1
3 73 0
3 74 1
3 75 0
3 76 1
3 77 1
3 78 0
3 79 0
3 80 1
3 81 1
3 82 1
3 83 1
3 84 0
3 85 0
3 86 1
3 87 1
3 88 1
3 89 0
3 90 0
3 91 0
3 92 0
3 93 0
3 94 1
3 95 1
3 96 0
3 97 1
3 98 0
3 99 1
3 100 0
3 101 0
3 102 1
3 103 0
3 104 1
3 105 1
3 106 0
3 107 1
3 108 0
3 109 1
3 110 0
3 111 1
3 112 0
3 113 0
3 114 1
3 115 1
3 116 1
3 117 0
3 118 1
3 119 1
3 120 1
3 121 1
3 122 1
3 123 1
3 124 0
3 125 1
3 126 0
3 127 1
3 128 0
3 129 0
3 130 1
3 131 0
4 57 1
4 58 0
4 59 0
4 60 1
4 61 1
4 62 1
4 63 1
4 64 0
4 65 1
4 66 1
4 67 1
4 68 0
4 69 0
4 70 0
4 71 0
4 72 1
4 73 1
4 74 0
4 75 1
4 76 0
4 77 0
4 78 0
4 79 0
4 80 0
4 81 0
4 82 1
4 83 0
4 84 1
4 85 1
4 86 1
4 87 0
4 88 1
4 89 1
4 90 0
4 91 1
4 92 1
4 93 0
4 94 0
4 95 1
4 96 0
4 97 0
4 98 0
4 99 1
4 100 0
4 101 1
4 102 0
4 103 0
4 104 0
4 105 1
4 106 1
4 107 1
4 108 0
4 109 0
4 110 1
4 111 0
4 112 0
4 113 0
4 114 1
4 115 0
4 116 0
4 117 1
4 118 1
4 119 0
4 120 0
4 121 0
4 122 1
4 123 0
4 124 1
4 125 1
4 126 0
4 127 1
4 128 0
4 129 0
4 130 1
4 131 1
5 57 1
5 58 1
5 59 0
5 60 0
5 61 0
5 62 0
5 63 0
5 64 1
5 65 0
5 66 0
5 67 0
5 68 0
5 69 1
5 70 0
5 71 1
5 72 1
5 73 1
5 74 0
5 75 1
5 76 0
5 77 1
5 78 1
5 79 1
5 80 1
5 81 0
5 82 0
5 83 1
5 84 0
5 85 0
5 86 1
5 87 0
5 88 1
5 89 0
5 90 0
5 91 1
5 92 1
5 93 0
5 94 0
5 95 0
5 96 1
5 97 1
5 98 1
5 99 1
5 100 1
5 101 1
5 102 0
5 103 0
5 104 1
5 105 0
5 106 0
5 107 0
5 108 0
5 109 0
5 110 1
5 111 1
5 112 0
5 113 0
5 114 0
5 115 1
5 116 0
5 117 1
5 118 1
5 119 1
5 120 1
5 121 1
5 122 1
5 123 0
5 124 0
5 125 0
5 126 1
5 127 0
5 128 1
5 129 0
5 130 0
5 131 1
6 57 1
6 58 0
6 59 1
6 60 0
6 61 1
6 62 1
6 63 1
6 64 1
6 65 1
6 66 0
6 67 0
6 68 0
6 69 1
6 70 1
6 71 0
6 72 0
6 73 0
6 74 1
6 75 0
6 76 1
6 77 0
6 78 1
6 79 0
6 80 1
6 81 0
6 82 1
6 83 1
6 84 0
6 85 1
6 86 1
6 87 1
6 88 1
6 89 0
6 90 1
6 91 1
6 92 0
6 93 1
6 94 0
6 95 0
6 96 0
6 97 1
6 98 1
6 99 0
6 100 1
6 101 1
6 102 0
6 103 0
6 104 0
6 105 1
6 106 1
6 107 0
6 108 0
6 109 1
6 110 1
6 111 0
6 112 1
6 113 0
6 114 0
6 115 1
6 116 1
6 117 0
6 118 0
6 119 1
6 120 0
6 121 1
6 122 1
6 123 0
6 124 1
6 125 0
6 126 1
6 127 0
6 128 0
6 129 0
6 130 1
6 131 0
7 57 0
7 58 0
7 59 1
7 60 0
7 61 1
7 62 1
7 63 1
7 64 0
7 65 1
7 66 0
7 67 1
7 68 0
7 69 1
7 70 1
7 71 0
7 72 0
7 73 0
7 74 0
7 75 0
7 76 0
7 77 1
7 78 0
7 79 0
7 80 1
7 81 1
7 82 1
7 83 1
7 84 1
7 85 0
7 86 1
7 87 0
7 88 0
7 89 0
7 90 1
7 91 1
7 92 0
7 93 0
7 94 0
7 95 1
7 96 1
7 97 0
7 98 0
7 99 0
7 100 1
7 101 0
7 102 1
7 103 1
7 104 1
7 105 0
7 106 1
7 107 0
7 108 1
7 109 1
7 110 1
7 111 0
7 112 1
7 113 0
7 114 0
7 115 1
7 116 0
7 117 0
7 118 0
7 119 0
7 120 1
7 121 1
7 122 1
7 123 0
7 124 1
7 125 0
7 126 0
7 127 1
7 128 1
7 129 1
7 130 1
7 131 1
8 57 1
8 58 0
8 59 1
8 60 0
8 61 0
8 62 1
8 63 0
8 64 1
8 65 0
8 66 1
8 67 1
8 68 0
8 69 1
8 70 0
8 71 1
8 72 1
8 73 0
8 74 0
8 75 0
8 76 0
8 77 1
8 78 0
8 79 0
8 80 0
8 81 0
8 82 1
8 83 0
8 84 1
8 85 1
8 86 1
8 87 0
8 88 1
8 89 1
8 90 1
8 91 1
8 92 1
8 93 0
8 94 0
8 95 1
8 96 0
8 97 1
8 98 1
8 99 0
8 100 0
8 101 0
8 102 1
8 103 1
8 104 0
8 105 1
8 106 0
8 107 1
8 108 0
8 109 1
8 110 1
8 111 0
8 112 1
8 113 1
8 114 1
8 115 0
8 116 0
8 117 0
8 118 1
8 119 1
8 120 1
8 121 0
8 122 0
8 123 1
8 124 0
8 125 0
8 126 1
8 127 1
8 128 1
8 129 0
8 130 1
8 131 0
9 57 0
9 58 0
9 59 1
9 60 0
9 61 0
9 62 0
9 63 0
9 64 1
9 65 0
9 66 0
9 67 0
9 68 1
9 69 0
9 70 1
9 71 0
9 72 0
9 73 0
9 74 1
9 75 1
9 76 1
9 77 1
9 78 0
9 79 1
9 80 0
9 81 0
9 82 0
9 83 0
9 84 1
9 85 0
9 86 1
9 87 1
9 88 1
9 89 0
9 90 1
9 91 0
9 92 1
9 93 0
9 94 1
9 95 1
9 96 0
9 97 0
9 98 1
9 99 0
9 100 1
9 101 1
9 102 1
9 103 0
9 104 1
9 105 0
9 106 0
9 107 1
9 108 0
9 109 1
9 110 1
9 111 1
9 112 0
9 113 0
9 114 1
9 115 1
9 116 1
9 117 1
9 118 1
9 119 0
9 120 1
9 121 0
9 122 0
9 123 0
9 124 0
9 125 1
9 126 0
9 127 1
9 128 1
9 129 0
9 130 0
9 131 0
10 57 1
10 58 0
10 59 0
10 60 1
10 61 0
10 62 0
10 63 1
10 64 1
10 65 1
10 66 0
10 67 1
10 68 0
10 69 0
10 70 1
10 71 1
10 72 1
10 73 0
10 74 1
10 75 1
10 76 0
10 77 1
10 78 0
10 79 1
10 80 0
10 81 0
10 82 0
10 83 1
10 84 0
10 85 0
10 86 1
10 87 1
10 88 0
10 89 1
10 90 0
10 91 0
10 92 0
10 93 1
10 94 0
10 95 0
10 96 0
10 97 0
10 98 1
10 99 0
10 100 0
10 101 1
10 102 0
10 103 1
10 104 0
10 105 1
10 106 1
10 107 1
10 108 0
10 109 0
10 110 1
10 111 1
10 112 1
10 113 0
10 114 1
10 115 0
10 116 0
10 117 1
10 118 1
10 119 0
10 120 0
10 121 0
10 122 0
10 123 0
10 124 0
10 125 0
10 126 1
10 127 0
10 128 0
10 129 0
10 130 0
10 131 1
11 57 0
11 58 0
11 59 1
11 60 1
11 61 1
11 62 0
11 63 0
11 64 1
11 65 1
11 66 0
11 67 0
11 68 1
11 69 0
11 70 1
11 71 0
11 72 1
11 73 1
11 74 1
11 75 1
11 76 1
11 77 1
11 78 1
11 79 1
11 80 1
11 81 0
11 82 0
11 83 1
11 84 1
11 85 0
11 86 0
11 87 1
11 88 1
11 89 0
11 90 1
11 91 1
11 92 1
11 93 1
11 94 0
11 95 0
11 96 0
11 97 1
11 98 0
11 99 0
11 100 0
11 101 1
11 102 0
11 103 1
11 104 1
11 105 1
11 106 0
11 107 1
11 108 1
11 109 1
11 110 1
11 111 0
11 112 1
11 113 0
11 114 0
11 115 1
11 116 0
11 117 0
11 118 0
11 119 1
11 120 1
11 121 1
11 122 1
11 123 1
11 124 1
11 125 0
11 126 1
11 127 1
11 128 1
11 129 0
11 130 1
11 131 1
12 57 1
12 58 1
12 59 1
12 60 0
12 61 1
12 62 1
12 63 1
12 64 1
12 65 0
12 66 1
12 67 1
12 68 1
12 69 0
12 70 0
12 71 0
12 72 0
12 73 1
12 74 0
12 75 0
12 76 1
12 77 1
12 78 0
12 79 0
12 80 1
12 81 1
12 82 0
12 83 0
12 84 1
12 85 0
12 86 0
12 87 1
12 88 1
12 89 0
12 90 1
12 91 0
12 92 1
12 93 1
12 94 0
12 95 0
12 96 0
12 97 1
12 98 1
12 99 1
12 100 1
12 101 1
12 102 0
12 103 1
12 104 0
12 105 0
12 106 0
12 107 0
12 108 0
12 109 1
12 110 1
12 111 0
12 112 1
12 113 0
12 114 0
12 115 1
12 116 0
12 117 1
12 118 0
12 119 1
12 120 1
12 121 0
12 122 1
12 123 0
12 124 0
12 125 0
12 126 0
12 127 1
12 128 0
12 129 1
12 130 1
12 131 0
13 57 0
13 58 0
13 59 0
13 60 0
13 61 0
13 62 0
13 63 1
13 64 0
13 65 0
13 66 0
13 67 1
13 68 0
13 69 1
13 70 1
13 71 1
13 72 0
13 73 0
13 74 0
13 75 0
13 76 0
13 77 0
13 78 1
13 79 0
13 80 0
13 81 1
13 82 0
13 83 0
13 84 0
13 85 0
13 86 1
13 87 0
13 88 1
13 89 0
13 90 1
13 91 0
13 92 1
13 93 1
13 94 1
13 95 0
13 96 1
13 97 1
13 98 0
13 99 1
13 100 1
13 101 1
13 102 0
13 103 0
13 104 0
13 105 1
13 106 1
13 107 1
13 108 1
13 109 0
13 110 0
13 111 0
13 112 1
13 113 0
13 114 1
13 115 0
13 116 1
13 117 0
13 118 0
13 119 1
13 120 0
13 121 1
13 122 0
13 123 1
13 124 0
13 125 1
13 126 0
13 127 1
13 128 0
13 129 1
13 130 0
13 131 0
14 57 1
14 58 0
14 59 0
14 60 0
14 61 1
14 62 0
14 63 0
14 64 0
14 65 1
14 66 0
14 67 1
14 68 0
14 69 1
14 70 0
14 71 1
14 72 1
14 73 0
14 74 1
14 75 1
14 76 1
14 77 0
14 78 1
14 79 0
14 80 1
14 81 1
14 82 1
14 83 0
14 84 0
14 85 0
14 86 0
14 87 0
14 88 1
14 89 1
14 90 0
14 91 1
14 92 0
14 93 1
14 94 1
14 95 1
14 96 0
14 97 1
14 98 0
14 99 0
14 100 1
14 101 1
14 102 0
14 103 1
14 104 0
14 105 0
14 106 0
14 107 1
14 108 1
14 109 0
14 110 1
14 111 0
14 112 0
14 113 0
14 114 1
14 115 1
14 116 0
14 117 0
14 118 1
14 119 0
14 120 0
14 121 1
14 122 1
14 123 1
14 124 1
14 125 1
14 126 1
14 127 0
14 128 1
14 129 1
14 130 1
14 131 1
15 57 1
15 58 0
15 59 0
15 60 0
15 61 0
15 62 0
15 63 1
15 64 1
15 65 1
15 66 1
15 67 1
15 68 0
15 69 1
15 70 0
15 71 1
15 72 1
15 73 0
15 74 0
15 75 0
15 76 0
15 77 0
15 78 1
15 79 0
15 80 1
15 81 0
15 82 0
15 83 0
15 84 1
15 85 0
15 86 0
15 87 0
15 88 1
15 89 1
15 90 0
15 91 1
15 92 1
15 93 1
15 94 1
15 95 0
15 96 0
15 97 1
15 98 1
15 99 0
15 100 1
15 101 0
15 102 0
15 103 0
15 104 0
15 105 0
15 106 1
15 107 0
15 108 0
15 109 0
15 110 1
15 111 0
15 112 0
15 113 0
15 114 1
15 115 0
15 116 0
15 117 1
15 118 0
15 119 0
15 120 1
15 121 1
15 122 1
15 123 1
15 124 1
15 125 1
15 126 1
15 127 0
15 128 1
15 129 1
15 130 1
15 131 0
16 57 1
16 58 1
16 59 1
16 60 0
16 61 1
16 62 0
16 63 1
16 64 1
16 65 0
16 66 1
16 67 0
16 68 1
16 69 0
16 70 1
16 71 1
16 72 0
16 73 0
16 74 0
16 75 1
16 76 1
16 77 0
16 78 0
16 79 1
16 80 0
16 81 1
16 82 0
16 83 0
16 84 0
16 85 0
16 86 1
16 87 0
16 88 1
16 89 1
16 90 0
16 91 0
16 92 0
16 93 0
16 94 1
16 95 0
16 96 0
16 97 0
16 98 0
16 99 1
16 100 1
16 101 1
16 102 1
16 103 0
16 104 0
16 105 0
16 106 0
16 107 1
16 108 0
16 109 0
16 110 1
16 111 1
16 112 0
16 113 0
16 114 1
16 115 0
16 116 1
16 117 1
16 118 0
16 119 0
16 120 0
16 121 0
16 122 1
16 123 0
16 124 1
16 125 1
16 126 0
16 127 0
16 128 0
16 129 0
16 130 0
16 131 1
17 57 0
17 58 0
17 59 1
17 60 1
17 61 1
17 62 1
17 63 0
17 64 0
17 65 0
17 66 0
17 67 0
17 68 0
17 69 1
17 70 0
17 71 1
17 72 0
17 73 0
17 74 0
17 75 1
17 76 1
17 77 1
17 78 1
17 79 1
17 80 1
17 81 0
17 82 0
17 83 1
17 84 0
17 85 1
17 86 1
17 87 1
17 88 1
17 89 0
17 90 0
17 91 0
17 92 0
17 93 0
17 94 1
17 95 1
17 96 1
17 97 1
17 98 1
17 99 0
17 100 1
17 101 0
17 102 0
17 103 0
17 104 1
17 105 0
17 106 1
17 107 0
17 108 1
17 109 1
17 110 1
17 111 1
17 112 1
17 113 1
17 114 0
17 115 0
17 116 1
17 117 0
17 118 0
17 119 0
17 120 0
17 121 0
17 122 0
17 123 1
17 124 1
17 125 1
17 126 0
17 127 0
17 128 1
17 129 1
17 130 1
17 131 0
18 57 1
18 58 0
18 59 1
18 60 1
18 61 1
18 62 0
18 63 1
18 64 1
18 65 1
18 66 1
18 67 1
18 68 0
18 69 1
18 70 1
18 71 1
18 72 1
18 73 0
18 74 1
18 75 0
18 76 0
18 77 1
18 78 0
18 79 0
18 80 1
18 81 1
18 82 1
18 83 1
18 84 1
18 85 0
18 86 1
18 87 0
18 88 0
18 89 1
18 90 0
18 91 1
18 92 1
18 93 1
18 94 1
18 95 1
18 96 1
18 97 0
18 98 1
18 99 1
18 100 1
18 101 0
18 102 1
18 103 0
18 104 0
18 105 0
18 106 1
18 107 1
18 108 0
18 109 0
18 110 1
18 111 1
18 112 1
18 113 1
18 114 0
18 115 0
18 116 0
18 117 1
18 118 0
18 119 0
18 120 0
18 121 0
18 122 1
18 123 1
18 124 1
18 125 1
18 126 0
18 127 0
18 128 0
18 129 1
18 130 1
18 131 1
19 57 1
19 58 1
19 59 1
19 60 1
19 61 1
19 62 1
19 63 1
19 64 1
19 65 0
19 66 0
19 67 1
19 68 0
19 69 1
19 70 0
19 71 1
19 72 1
19 73 1
19 74 1
19 75 0
19 76 0
19 77 1
19 78 1
19 79 0
19 80 0
19 81 1
19 82 1
19 83 0
19 84 0
19 85 1
19 86 1
19 87 1
19 88 0
19 89 1
19 90 0
19 91 1
19 92 1
19 93 0
19 94 0
19 95 0
19 96 0
19 97 0
19 98 1
19 99 1
19 100 0
19 101 0
19 102 0
19 103 0
19 104 0
19 105 1
19 106 1
19 107 1
19 108 0
19 109 1
19 110 1
19 111 1
19 112 1
19 113 1
19 114 0
19 115 1
19 116 0
19 117 1
19 118 1
19 119 1
19 120 0
19 121 1
19 122 1
19 123 1
19 124 0
19 125 1
19 126 1
19 127 1
19 128 0
19 129 1
19 130 1
19 131 1
20 57 0
20 58 1
20 59 1
20 60 1
20 61 0
20 62 0
20 63 1
20 64 0
20 65 1
20 66 0
20 67 1
20 68 0
20 69 0
20 70 0
20 71 0
20 72 1
20 73 1
20 74 1
20 75 1
20 76 1
20 77 1
20 78 0
20 79 0
20 80 0
20 81 1
20 82 1
20 83 1
20 84 1
20 85 0
20 86 1
20 87 1
20 88 0
20 89 1
20 90 1
20 91 0
20 92 1
20 93 1
20 94 0
20 95 1
20 96 0
20 97 0
20 98 1
20 99 1
20 100 1
20 101 1
20 102 0
20 103 1
20 104 0
20 105 0
20 106 1
20 107 0
20 108 0
20 109 0
20 110 0
20 111 1
20 112 0
20 113 0
20 114 0
20 115 1
20 116 0
20 117 1
20 118 0
20 119 0
20 120 0
20 121 0
20 122 1
20 123 1
20 124 0
20 125 1
20 126 0
20 127 1
20 128 0
20 129 1
20 130 1
20 131 0
21 57 0
21 58 1
21 59 0
21 60 1
21 61 0
21 62 0
21 63 1
21 64 0
21 65 1
21 66 0
21 67 1
21 68 0
21 69 0
21 70 0
21 71 0
21 72 0
21 73 0
21 74 0
21 75 0
21 76 1
21 77 1
21 78 0
21 79 0
21 80 1
21 81 1
21 82 1
21 83 1
21 84 0
21 85 0
21 86 0
21 87 0
21 88 0
21 89 1
21 90 0
21 91 1
21 92 0
21 93 0
21 94 1
21 95 0
21 96 0
21 97 0
21 98 1
21 99 1
21 100 1
21 101 1
21 102 1
21 103 1
21 104 0
21 105 0
21 106 1
21 107 1
21 108 0
21 109 1
21 110 0
21 111 0
21 112 0
21 113 1
21 114 1
21 115 1
21 116 0
21 117 0
21 118 0
21 119 0
21 120 1
21 121 0
21 122 0
21 123 1
21 124 1
21 125 1
21 126 0
21 127 1
21 128 1
21 129 0
21 130 0
21 131 0
22 57 0
22 58 1
22 59 1
22 60 0
22 61 1
22 62 1
22 63 0
22 64 1
22 65 1
22 66 0
22 67 1
22 68 0
22 69 0
22 70 0
22 71 1
22 72 0
22 73 1
22 74 1
22 75 1
22 76 0
22 77 1
22 78 0
22 79 1
22 80 1
22 81 0
22 82 0
22 83 1
22 84 0
22 85 1
22 86 0
22 87 1
22 88 1
22 89 0
22 90 0
22 91 1
22 92 0
22 93 0
22 94 1
22 95 1
22 96 0
22 97 1
22 98 1
22 99 1
22 100 0
22 101 0
22 102 0
22 103 0
22 104 0
22 105 0
22 106 1
22 107 1
22 108 0
22 109 1
22 110 0
22 111 0
22 112 0
22 113 0
22 114 1
22 115 0
22 116 0
22 117 0
22 118 1
22 119 0
22 120 0
22 121 0
22 122 1
22 123 0
22 124 1
22 125 0
22 126 1
22 127 1
22 128 0
22 129 1
22 130 1
22 131 1
23 57 0
23 58 0
23 59 0
23 60 1
23 61 1
23 62 0
23 63 0
23 64 1
23 65 0
23 66 1
23 67 1
23 68 0
23 69 1
23 70 1
23 71 0
23 72 1
23 73 1
23 74 1
23 75 0
23 76 0
23 77 1
23 78 1
23 79 0
23 80 0
23 81 1
23 82 1
23 83 1
23 84 1
23 85 1
23 86 0
23 87 0
23 88 1
23 89 0
23 90 0
23 91 0
23 92 1
23 93 1
23 94 0
23 95 0
23 96 1
23 97 0
23 98 0
23 99 0
23 100 1
23 101 0
23 102 0
23 103 0
23 104 1
23 105 1
23 106 1
23 107 1
23 108 0
23 109 1
23 110 1
23 111 0
23 112 1
23 113 1
23 114 0
23 115 1
23 116 1
23 117 0
23 118 1
23 119 1
23 120 0
23 121 1
23 122 1
23 123 1
23 124 0
23 125 0
23 126 1
23 127 0
23 128 0
23 129 1
23 130 1
23 131 0
24 57 1
24 58 1
24 59 1
24 60 1
24 61 0
24 62 0
24 63 1
24 64 0
24 65 1
24 66 1
24 67 1
24 68 1
24 69 1
24 70 1
24 71 1
24 72 0
24 73 0
24 74 1
24 75 0
24 76 1
24 77 1
24 78 0
24 79 1
24 80 0
24 81 0
24 82 0
24 83 0
24 84 1
24 85 0
24 86 1
24 87 1
24 88 0
24 89 0
24 90 0
24 91 1
24 92 0
24 93 0
24 94 1
24 95 1
24 96 0
24 97 0
24 98 0
24 99 1
24 100 1
24 101 1
24 102 1
24 103 0
24 104 0
24 105 1
24 106 1
24 107 1
24 108 1
24 109 1
24 110 1
24 111 0
24 112 0
24 113 1
24 114 0
24 115 1
24 116 1
24 117 0
24 118 1
24 119 0
24 120 1
24 121 0
24 122 1
24 123 0
24 124 0
24 125 0
24 126 1
24 127 0
24 128 0
24 129 1
24 130 0
24 131 0
25 57 0
25 58 0
25 59 0
25 60 0
25 61 1
25 62 1
25 63 0
25 64 1
25 65 0
25 66 0
25 67 0
25 68 0
25 69 0
25 70 0
25 71 0
25 72 0
25 73 0
25 74 0
25 75 1
25 76 0
25 77 0
25 78 1
25 79 0
25 80 0
25 81 1
25 82 0
25 83 1
25 84 0
25 85 1
25 86 1
25 87 1
25 88 1
25 89 1
25 90 0
25 91 1
25 92 1
25 93 1
25 94 0
25 95 0
25 96 0
25 97 0
25 98 1
25 99 0
25 100 0
25 101 0
25 102 1
25 103 0
25 104 1
25 105 0
25 106 1
25 107 1
25 108 0
25 109 1
25 110 0
25 111 1
25 112 1
25 113 1
25 114 0
25 115 0
25 116 1
25 117 0
25 118 1
25 119 0
25 120 1
25 121 1
25 122 1
25 123 1
25 124 0
25 125 1
25 126 1
25 127 1
25 128 0
25 129 0
25 130 1
25 131 1
26 57 1
26 58 0
26 59 0
26 60 0
26 61 1
26 62 0
26 63 0
26 64 0
26 65 0
26 66 1
26 67 1
26 68 1
26 69 1
26 70 0
26 71 1
26 72 1
26 73 1
26 74 1
26 75 1
26 76 1
26 77 0
26 78 1
26 79 0
26 80 1
26 81 0
26 82 0
26 83 0
26 84 0
26 85 1
26 86 1
26 87 1
26 88 0
26 89 0
26 90 0
26 91 0
26 92 0
26 93 1
26 94 0
26 95 1
26 96 1
26 97 1
26 98 0
26 99 0
26 100 0
26 101 0
26 102 0
26 103 0
26 104 1
26 105 0
26 106 0
26 107 0
26 108 1
26 109 0
26 110 0
26 111 1
26 112 1
26 113 1
26 114 0
26 115 1
26 116 1
26 117 1
26 118 1
26 119 1
26 120 1
26 121 0
26 122 1
26 123 1
26 124 1
26 125 1
26 126 1
26 127 0
26 128 0
26 129 1
26 130 0
26 131 0
27 57 0
27 58 0
27 59 1
27 60 1
27 61 0
27 62 1
27 63 0
27 64 0
27 65 0
27 66 1
27 67 0
27 68 1
27 69 1
27 70 1
27 71 1
27 72 0
27 73 0
27 74 0
27 75 0
27 76 0
27 77 1
27 78 0
27 79 0
27 80 1
27 81 1
27 82 0
27 83 0
27 84 1
27 85 1
27 86 0
27 87 1
27 88 0
27 89 1
27 90 1
27 91 0
27 92 0
27 93 0
27 94 1
27 95 1
27 96 1
27 97 1
27 98 1
27 99 1
27 100 1
27 101 0
27 102 0
27 103 0
27 104 0
27 105 0
27 106 0
27 107 1
27 108 1
27 109 1
27 110 1
27 111 0
27 112 0
27 113 1
27 114 0
27 115 1
27 116 0
27 117 0
27 118 1
27 119 1
27 120 1
27 121 1
27 122 1
27 123 0
27 124 0
27 125 1
27 126 0
27 127 0
27 128 1
27 129 0
27 130 0
27 131 1
28 57 1
28 58 1
28 59 0
28 60 1
28 61 1
28 62 1
28 63 1
28 64 0
28 65 0
28 66 0
28 67 0
28 68 1
28 69 0
28 70 1
28 71 1
28 72 0
28 73 0
28 74 1
28 75 0
28 76 1
28 77 1
28 78 0
28 79 0
28 80 0
28 81 0
28 82 1
28 83 0
28 84 0
28 85 0
28 86 1
28 87 1
28 88 0
28 89 1
28 90 1
28 91 1
28 92 0
28 93 0
28 94 0
28 95 0
28 96 1
28 97 0
28 98 0
28 99 1
28 100 0
28 101 0
28 102 1
28 103 0
28 104 0
28 105 0
28 106 0
28 107 0
28 108 0
28 109 0
28 110 1
28 111 0
28 112 1
28 113 0
28 114 1
28 115 1
28 116 1
28 117 1
28 118 0
28 119 1
28 120 1
28 121 0
28 122 0
28 123 1
28 124 0
28 125 0
28 126 0
28 127 1
28 128 0
28 129 0
28 130 1
28 131 0
29 57 0
29 58 0
29 59 1
29 60 1
29 61 1
29 62 0
29 63 1
29 64 0
29 65 1
29 66 0
29 67 0
29 68 1
29 69 1
29 70 0
29 71 1
29 72 1
29 73 1
29 74 0
29 75 0
29 76 1
29 77 0
29 78 1
29 79 1
29 80 0
29 81 0
29 82 0
29 83 1
29 84 1
29 85 1
29 86 0
29 87 1
29 88 1
29 89 1
29 90 1
29 91 1
29 92 0
29 93 0
29 94 0
29 95 1
29 96 0
29 97 1
29 98 0
29 99 0
29 100 0
29 101 0
29 102 1
29 103 0
29 104 1
29 105 0
29 106 0
29 107 0
29 108 1
29 109 0
29 110 0
29 111 0
29 112 1
29 113 0
29 114 0
29 115 0
29 116 0
29 117 0
29 118 0
29 119 1
29 120 0
29 121 0
29 122 1
29 123 0
29 124 1
29 125 0
29 126 0
29 127 1
29 128 1
29 129 1
29 130 1
29 131 1
30 57 0
30 58 1
30 59 0
30 60 1
30 61 0
30 62 0
30 63 1
30 64 0
30 65 0
30 66 1
30 67 1
30 68 1
30 69 1
30 70 0
30 71 0
30 72 0
30 73 1
30 74 1
30 75 1
30 76 1
30 77 1
30 78 1
30 79 0
30 80 1
30 81 1
30 82 1
30 83 1
30 84 0
30 85 0
30 86 1
30 87 1
30 88 1
30 89 1
30 90 1
30 91 0
30 92 1
30 93 0
30 94 0
30 95 1
30 96 1
30 97 0
30 98 0
30 99 0
30 100 0
30 101 0
30 102 1
30 103 0
30 104 1
30 105 0
30 106 0
30 107 1
30 108 0
30 109 1
30 110 1
30 111 1
30 112 1
30 113 0
30 114 1
30 115 0
30 116 1
30 117 0
30 118 1
30 119 1
30 120 1
30 121 1
30 122 0
30 123 1
30 124 0
30 125 0
30 126 0
30 127 1
30 128 0
30 129 1
30 130 1
30 131 0
31 57 1
31 58 0
31 59 0
31 60 0
31 61 1
31 62 1
31 63 0
31 64 1
31 65 1
31 66 0
31 67 1
31 68 1
31 69 1
31 70 1
31 71 0
31 72 0
31 73 0
31 74 1
31 75 0
31 76 1
31 77 0
31 78 1
31 79 1
31 80 1
31 81 0
31 82 0
31 83 0
31 84 0
31 85 0
31 86 1
31 87 1
31 88 0
31 89 0
31 90 0
31 91 0
31 92 0
31 93 0
31 94 1
31 95 0
31 96 0
31 97 1
31 98 1
31 99 0
31 100 1
31 101 0
31 102 1
31 103 1
31 104 1
31 105 1
31 106 1
31 107 1
31 108 1
31 109 0
31 110 1
31 111 0
31 112 0
31 113 0
31 114 0
31 115 1
31 116 0
31 117 1
31 118 1
31 119 0
31 120 1
31 121 0
31 122 0
31 123 0
31 124 1
31 125 0
31 126 1
31 127 0
31 128 0
31 129 0
31 130 1
31 131 0
32 57 0
32 58 0
32 59 1
32 60 0
32 61 1
32 62 0
32 63 1
32 64 0
32 65 0
32 66 0
32 67 0
32 68 1
32 69 0
32 70 1
32 71 0
32 72 1
32 73 1
32 74 1
32 75 0
32 76 0
32 77 1
32 78 1
32 79 0
32 80 1
32 81 0
32 82 1
32 83 0
32 84 1
32 85 1
32 86 1
32 87 0
32 88 0
32 89 1
32 90 0
32 91 1
32 92 0
32 93 1
32 94 0
32 95 0
32 96 1
32 97 1
32 98 1
32 99 1
32 100 1
32 101 1
32 102 1
32 103 0
32 104 0
32 105 0
32 106 1
32 107 1
32 108 1
32 109 1
32 110 0
32 111 0
32 112 0
32 113 1
32 114 0
32 115 0
32 116 1
32 117 0
32 118 0
32 119 1
32 120 1
32 121 0
32 122 1
32 123 1
32 124 0
32 125 1
32 126 0
32 127 1
32 128 1
32 129 0
32 130 0
32 131 0
33 57 1
33 58 0
33 59 0
33 60 1
33 61 1
33 62 0
33 63 1
33 64 0
33 65 1
33 66 1
33 67 0
33 68 1
33 69 1
33 70 1
33 71 0
33 72 1
33 73 1
33 74 0
33 75 0
33 76 0
33 77 1
33 78 0
33 79 1
33 80 0
33 81 0
33 82 1
33 83 0
33 84 0
33 85 0
33 86 0
33 87 0
33 88 0
33 89 1
33 90 1
33 91 0
33 92 1
33 93 0
33 94 1
33 95 1
33 96 1
33 97 0
33 98 0
33 99 1
33 100 1
33 101 1
33 102 1
33 103 0
33 104 0
33 105 1
33 106 1
33 107 0
33 108 1
33 109 1
33 110 1
33 111 1
33 112 1
33 113 1
33 114 1
33 115 1
33 116 0
33 117 0
33 118 1
33 119 1
33 120 1
33 121 0
33 122 1
33 123 1
33 124 1
33 125 1
33 126 1
33 127 0
33 128 1
33 129 1
33 130 1
33 131 1
34 57 0
34 58 1
34 59 1
34 60 1
34 61 0
34 62 0
34 63 0
34 64 1
34 65 0
34 66 1
34 67 0
34 68 1
34 69 0
34 70 0
34 71 1
34 72 0
34 73 0
34 74 0
34 75 0
34 76 1
34 77 0
34 78 0
34 79 0
34 80 0
34 81 1
34 82 0
34 83 1
34 84 0
34 85 0
34 86 0
34 87 1
34 88 0
34 89 1
34 90 0
34 91 0
34 92 1
34 93 1
34 94 0
34 95 0
34 96 0
34 97 1
34 98 1
34 99 1
34 100 0
34 101 1
34 102 0
34 103 0
34 104 0
34 105 1
34 106 0
34 107 0
34 108 1
34 109 0
34 110 0
34 111 0
34 112 1
34 113 0
34 114 0
34 115 0
34 116 0
34 117 0
34 118 1
34 119 1
34 120 0
34 121 1
34 122 1
34 123 0
34 124 0
34 125 0
34 126 1
34 127 1
34 128 1
34 129 0
34 130 0
34 131 0
35 57 0
35 58 0
35 59 0
35 60 1
35 61 0
35 62 1
35 63 0
35 64 1
35 65 1
35 66 0
35 67 0
35 68 1
35 69 0
35 70 0
35 71 1
35 72 1
35 73 1
35 74 1
35 75 1
35 76 1
35 77 1
35 78 0
35 79 1
35 80 0
35 81 1
35 82 1
35 83 1
35 84 1
35 85 0
35 86 1
35 87 0
35 88 1
35 89 1
35 90 1
35 91 0
35 92 0
35 93 0
35 94 0
35 95 1
35 96 0
35 97 1
35 98 1
35 99 0
35 100 1
35 101 1
35 102 0
35 103 1
35 104 0
35 105 0
35 106 0
35 107 1
35 108 1
35 109 1
35 110 0
35 111 0
35 112 0
35 113 1
35 114 0
35 115 1
35 116 1
35 117 0
35 118 1
35 119 0
35 120 0
35 121 0
35 122 0
35 123 1
35 124 0
35 125 1
35 126 0
35 127 1
35 128 1
35 129 0
35 130 1
35 131 0
36 57 1
36 58 0
36 59 0
36 60 1
36 61 0
36 62 0
36 63 1
36 64 0
36 65 0
36 66 1
36 67 1
36 68 0
36 69 0
36 70 1
36 71 0
36 72 1
36 73 1
36 74 1
36 75 1
36 76 0
36 77 0
36 78 1
36 79 1
36 80 0
36 81 0
36 82 0
36 83 1
36 84 1
36 85 0
36 86 0
36 87 1
36 88 0
36 89 0
36 90 1
36 91 0
36 92 1
36 93 0
36 94 1
36 95 0
36 96 1
36 97 1
36 98 0
36 99 0
36 100 1
36 101 1
36 102 0
36 103 1
36 104 1
36 105 0
36 106 0
36 107 0
36 108 0
36 109 1
36 110 0
36 111 0
36 112 0
36 113 1
36 114 0
36 115 1
36 116 1
36 117 1
36 118 1
36 119 0
36 120 0
36 121 0
36 122 0
36 123 0
36 124 1
36 125 1
36 126 1
36 127 1
36 128 0
36 129 0
36 130 0
36 131 0
37 57 1
37 58 0
37 59 1
37 60 0
37 61 0
37 62 1
37 63 1
37 64 0
37 65 1
37 66 0
37 67 1
37 68 1
37 69 1
37 70 1
37 71 0
37 72 1
37 73 0
37 74 0
37 75 1
37 76 1
37 77 0
37 78 0
37 79 1
37 80 0
37 81 0
37 82 1
37 83 1
37 84 0
37 85 0
37 86 1
37 87 0
37 88 0
37 89 0
37 90 1
37 91 0
37 92 1
37 93 1
37 94 1
37 95 1
37 96 1
37 97 1
37 98 1
37 99 1
37 100 0
37 101 1
37 102 1
37 103 1
37 104 1
37 105 0
37 106 0
37 107 0
37 108 1
37 109 1
37 110 1
37 111 1
37 112 1
37 113 0
37 114 1
37 115 0
37 116 0
37 117 1
37 118 1
37 119 0
37 120 1
37 121 0
37 122 1
37 123 1
37 124 1
37 125 1
37 126 0
37 127 1
37 128 0
37 129 0
37 130 0
37 131 1
38 57 0
38 58 0
38 59 0
38 60 0
38 61 1
38 62 1
38 63 0
38 64 1
38 65 0
38 66 0
38 67 0
38 68 1
38 69 0
38 70 0
38 71 1
38 72 1
38 73 0
38 74 1
38 75 0
38 76 1
38 77 1
38 78 1
38 79 0
38 80 0
38 81 1
38 82 0
38 83 0
38 84 1
38 85 0
38 86 1
38 87 1
38 88 1
38 89 1
38 90 1
38 91 1
38 92 0
38 93 0
38 94 0
38 95 0
38 96 0
38 97 0
38 98 0
38 99 0
38 100 1
38 101 0
38 102 1
38 103 1
38 104 0
38 105 0
38 106 1
38 107 0
38 108 1
38 109 0
38 110 0
38 111 0
38 112 1
38 113 0
38 114 0
38 115 1
38 116 1
38 117 0
38 118 0
38 119 1
38 120 1
38 121 0
38 122 1
38 123 0
38 124 1
38 125 0
38 126 1
38 127 1
38 128 0
38 129 0
38 130 1
38 131 1
39 57 0
39 58 1
39 59 1
39 60 0
39 61 1
39 62 0
39 63 1
39 64 0
39 65 0
39 66 0
39 67 0
39 68 1
39 69 1
39 70 0
39 71 1
39 72 0
39 73 1
39 74 1
39 75 0
39 76 1
39 77 0
39 78 1
39 79 0
39 80 1
39 81 0
39 82 0
39 83 1
39 84 1
39 85 0
39 86 0
39 87 0
39 88 1
39 89 1
39 90 0
39 91 1
39 92 0
39 93 1
39 94 0
39 95 0
39 96 0
39 97 0
39 98 0
39 99 1
39 100 1
39 101 1
39 102 0
39 103 0
39 104 0
39 105 0
39 106 0
39 107 0
39 108 0
39 109 1
39 110 1
39 111 1
39 112 1
39 113 0
39 114 0
39 115 0
39 116 0
39 117 1
39 118 1
39 119 0
39 120 0
39 121 1
39 122 0
39 123 0
39 124 1
39 125 1
39 126 1
39 127 1
39 128 0
39 129 1
39 130 1
39 131 1
40 57 1
40 58 1
40 59 1
40 60 1
40 61 1
40 62 1
40 63 0
40 64 1
40 65 1
40 66 1
40 67 1
40 68 1
40 69 0
40 70 1
40 71 0
40 72 0
40 73 1
40 74 0
40 75 0
40 76 1
40 77 0
40 78 1
40 79 0
40 80 1
40 81 1
40 82 1
40 83 1
40 84 0
40 85 0
40 86 1
40 87 1
40 88 1
40 89 1
40 90 0
40 91 0
40 92 0
40 93 0
40 94 1
40 95 0
40 96 0
40 97 1
40 98 1
40 99 0
40 100 0
40 101 1
40 102 1
40 103 0
40 104 1
40 105 0
40 106 1
40 107 0
40 108 1
40 109 1
40 110 1
40 111 1
40 112 0
40 113 0
40 114 0
40 115 0
40 116 0
40 117 1
40 118 1
40 119 1
40 120 1
40 121 1
40 122 1
40 123 1
40 124 0
40 125 1
40 126 1
40 127 1
40 128 1
40 129 0
40 130 1
40 131 1
41 57 1
41 58 1
41 59 1
41 60 1
41 61 0
41 62 0
41 63 1
41 64 1
41 65 0
41 66 1
41 67 0
41 68 0
41 69 0
41 70 1
41 71 1
41 72 0
41 73 0
41 74 1
41 75 1
41 76 1
41 77 0
41 78 0
41 79 1
41 80 1
41 81 0
41 82 0
41 83 0
41 84 0
41 85 1
41 86 0
41 87 0
41 88 0
41 89 1
41 90 0
41 91 1
41 92 0
41 93 1
41 94 0
41 95 0
41 96 0
41 97 1
41 98 1
41 99 0
41 100 0
41 101 0
41 102 1
41 103 0
41 104 0
41 105 1
41 106 0
41 107 0
41 108 0
41 109 1
41 110 0
41 111 1
41 112 1
41 113 1
41 114 1
41 115 1
41 116 1
41 117 0
41 118 0
41 119 1
41 120 0
41 121 1
41 122 0
41 123 0
41 124 0
41 125 0
41 126 1
41 127 0
41 128 0
41 129 0
41 130 0
41 131 0
42 57 1
42 58 1
42 59 1
42 60 1
42 61 0
42 62 1
42 63 0
42 64 1
42 65 1
42 66 0
42 67 1
42 68 0
42 69 0
42 70 1
42 71 0
42 72 1
42 73 0
42 74 0
42 75 0
42 76 1
42 77 1
42 78 1
42 79 0
42 80 1
42 81 0
42 82 1
42 83 1
42 84 0
42 85 0
42 86 0
42 87 1
42 88 1
42 89 1
42 90 0
42 91 0
42 92 1
42 93 1
42 94 1
42 95 0
42 96 0
42 97 0
42 98 0
42 99 0
42 100 0
42 101 0
42 102 0
42 103 1
42 104 1
42 105 0
42 106 1
42 107 0
42 108 1
42 109 1
42 110 0
42 111 1
42 112 0
42 113 0
42 114 0
42 115 0
42 116 1
42 117 1
42 118 1
42 119 1
42 120 0
42 121 0
42 122 0
42 123 0
42 124 0
42 125 0
42 126 1
42 127 1
42 128 1
42 129 1
42 130 0
42 131 1
43 57 1
43 58 0
43 59 0
43 60 0
43 61 1
43 62 1
43 63 1
43 64 1
43 65 1
43 66 1
43 67 0
43 68 1
43 69 0
43 70 1
43 71 1
43 72 0
43 73 1
43 74 0
43 75 0
43 76 0
43 77 0
43 78 0
43 79 1
43 80 0
43 81 0
43 82 0
43 83 1
43 84 0
43 85 1
43 86 1
43 87 1
43 88 0
43 89 1
43 90 1
43 91 1
43 92 0
43 93 0
43 94 0
43 95 0
43 96 1
43 97 1
43 98 1
43 99 0
43 100 0
43 101 1
43 102 0
43 103 0
43 104 0
43 105 1
43 106 0
43 107 0
43 108 1
43 109 1
43 110 0
43 111 0
43 112 0
43 113 0
43 114 1
43 115 0
43 116 0
43 117 1
43 118 1
43 119 1
43 120 1
43 121 1
43 122 1
43 123 1
43 124 0
43 125 0
43 126 0
43 127 0
43 128 0
43 129 1
43 130 1
43 131 1
44 57 1
44 58 1
44 59 1
44 60 0
44 61 1
44 62 0
44 63 0
44 64 1
44 65 0
44 66 0
44 67 0
44 68 1
44 69 1
44 70 0
44 71 1
44 72 0
44 73 1
44 74 1
44 75 1
44 76 1
44 77 0
44 78 1
44 79 0
44 80 1
44 81 0
44 82 0
44 83 1
44 84 0
44 85 0
44 86 0
44 87 0
44 88 1
44 89 1
44 90 1
44 91 0
44 92 1
44 93 0
44 94 1
44 95 0
44 96 0
44 97 0
44 98 0
44 99 1
44 100 1
44 101 1
44 102 1
44 103 1
44 104 1
44 105 0
44 106 1
44 107 1
44 108 1
44 109 1
44 110 1
44 111 1
44 112 1
44 113 1
44 114 0
44 115 0
44 116 1
44 117 1
44 118 1
44 119 0
44 120 1
44 121 1
44 122 1
44 123 1
44 124 1
44 125 0
44 126 0
44 127 1
44 128 1
44 129 1
44 130 1
44 131 1
45 57 0
45 58 1
45 59 0
45 60 0
45 61 0
45 62 1
45 63 1
45 64 0
45 65 1
45 66 1
45 67 1
45 68 1
45 69 1
45 70 0
45 71 1
45 72 1
45 73 0
45 74 1
45 75 0
45 76 1
45 77 1
45 78 0
45 79 0
45 80 0
45 81 1
45 82 0
45 83 1
45 84 1
45 85 0
45 86 1
45 87 0
45 88 0
45 89 0
45 90 1
45 91 1
45 92 1
45 93 1
45 94 0
45 95 0
45 96 1
45 97 0
45 98 0
45 99 0
45 100 1
45 101 0
45 102 1
45 103 1
45 104 0
45 105 0
45 106 0
45 107 1
45 108 1
45 109 1
45 110 0
45 111 0
45 112 1
45 113 1
45 114 1
45 115 1
45 116 0
45 117 0
45 118 0
45 119 1
45 120 1
45 121 1
45 122 0
45 123 0
45 124 0
45 125 1
45 126 0
45 127 1
45 128 1
45 129 0
45 130 1
45 131 0
46 57 1
46 58 0
46 59 1
46 60 1
46 61 0
46 62 0
46 63 0
46 64 1
46 65 0
46 66 1
46 67 1
46 68 0
46 69 1
46 70 1
46 71 0
46 72 0
46 73 0
46 74 1
46 75 1
46 76 0
46 77 0
46 78 0
46 79 1
46 80 1
46 81 0
46 82 0
46 83 0
46 84 1
46 85 1
46 86 0
46 87 0
46 88 1
46 89 0
46 90 1
46 91 1
46 92 0
46 93 1
46 94 0
46 95 0
46 96 0
46 97 1
46 98 0
46 99 0
46 100 0
46 101 1
46 102 1
46 103 1
46 104 1
46 105 1
46 106 0
46 107 1
46 108 0
46 109 0
46 110 1
46 111 1
46 112 1
46 113 0
46 114 0
46 115 0
46 116 0
46 117 1
46 118 0
46 119 1
46 120 0
46 121 1
46 122 1
46 123 1
46 124 1
46 125 0
46 126 0
46 127 1
46 128 0
46 129 1
46 130 1
46 131 1
47 57 1
47 58 1
47 59 0
47 60 0
47 61 0
47 62 0
47 63 0
47 64 1
47 65 1
47 66 1
47 67 1
47 68 1
47 69 1
47 70 0
47 71 0
47 72 0
47 73 1
47 74 0
47 75 1
47 76 0
47 77 0
47 78 0
47 79 1
47 80 0
47 81 0
47 82 1
47 83 0
47 84 1
47 85 1
47 86 0
47 87 0
47 88 1
47 89 0
47 90 0
47 91 0
47 92 0
47 93 0
47 94 1
47 95 1
47 96 1
47 97 1
47 98 0
47 99 0
47 100 1
47 101 0
47 102 1
47 103 1
47 104 1
47 105 0
47 106 1
47 107 0
47 108 0
47 109 1
47 110 1
47 111 0
47 112 0
47 113 1
47 114 0
47 115 0
47 116 0
47 117 1
47 118 1
47 119 1
47 120 0
47 121 0
47 122 1
47 123 0
47 124 0
47 125 1
47 126 1
47 127 1
47 128 1
47 129 1
47 130 1
47 131 1
48 57 0
48 58 0
48 59 1
48 60 1
48 61 0
48 62 0
48 63 1
48 64 0
48 65 0
48 66 1
48 67 0
48 68 0
48 69 1
48 70 1
48 71 0
48 72 1
48 73 1
48 74 0
48 75 0
48 76 1
48 77 0
48 78 0
48 79 0
48 80 1
48 81 0
48 82 1
48 83 1
48 84 1
48 85 0
48 86 0
48 87 1
48 88 0
48 89 0
48 90 1
48 91 1
48 92 0
48 93 1
48 94 0
48 95 0
48 96 1
48 97 0
48 98 1
48 99 1
48 100 0
48 101 1
48 102 0
48 103 1
48 104 1
48 105 1
48 106 1
48 107 1
48 108 0
48 109 1
48 110 1
48 111 0
48 112 0
48 113 0
48 114 0
48 115 0
48 116 1
48 117 1
48 118 1
48 119 0
48 120 1
48 121 0
48 122 1
48 123 0
48 124 1
48 125 1
48 126 1
48 127 0
48 128 0
48 129 1
48 130 1
48 131 1
49 57 0
49 58 1
49 59 0
49 60 1
49 61 1
49 62 1
49 63 0
49 64 1
49 65 0
49 66 1
49 67 0
49 68 0
49 69 1
49 70 1
49 71 1
49 72 0
49 73 0
49 74 0
49 75 1
49 76 1
49 77 0
49 78 1
49 79 1
49 80 0
49 81 1
49 82 0
49 83 1
49 84 1
49 85 0
49 86 1
49 87 1
49 88 0
49 89 1
49 90 0
49 91 0
49 92 1
49 93 1
49 94 0
49 95 1
49 96 1
49 97 0
49 98 1
49 99 0
49 100 1
49 101 1
49 102 1
49 103 0
49 104 0
49 105 1
49 106 0
49 107 1
49 108 1
49 109 1
49 110 0
49 111 0
49 112 1
49 113 0
49 114 0
49 115 1
49 116 1
49 117 1
49 118 0
49 119 1
49 120 0
49 121 1
49 122 0
49 123 1
49 124 1
49 125 0
49 126 0
49 127 0
49 128 1
49 129 0
49 130 0
49 131 1
50 57 1
50 58 1
50 59 0
50 60 1
50 61 0
50 62 0
50 63 0
50 64 0
50 65 1
50 66 1
50 67 0
50 68 0
50 69 0
50 70 0
50 71 0
50 72 1
50 73 0
50 74 0
50 75 1
50 76 0
50 77 1
50 78 0
50 79 1
50 80 1
50 81 0
50 82 0
50 83 0
50 84 1
50 85 0
50 86 1
50 87 1
50 88 0
50 89 0
50 90 0
50 91 0
50 92 0
50 93 0
50 94 1
50 95 0
50 96 1
50 97 0
50 98 1
50 99 0
50 100 1
50 101 1
50 102 0
50 103 0
50 104 0
50 105 1
50 106 1
50 107 1
50 108 1
50 109 0
50 110 0
50 111 1
50 112 0
50 113 1
50 114 0
50 115 0
50 116 1
50 117 1
50 118 0
50 119 1
50 120 0
50 121 1
50 122 0
50 123 1
50 124 1
50 125 0
50 126 1
50 127 0
50 128 1
50 129 0
50 130 1
50 131 1
51 57 1
51 58 0
51 59 1
51 60 1
51 61 0
51 62 0
51 63 0
51 64 0
51 65 1
51 66 1
51 67 0
51 68 0
51 69 0
51 70 1
51 71 1
51 72 0
51 73 1
51 74 1
51 75 0
51 76 1
51 77 0
51 78 0
51 79 1
51 80 1
51 81 1
51 82 1
51 83 1
51 84 0
51 85 1
51 86 0
51 87 1
51 88 0
51 89 1
51 90 1
51 91 0
51 92 0
51 93 0
51 94 1
51 95 0
51 96 0
51 97 1
51 98 0
51 99 1
51 100 1
51 101 0
51 102 0
51 103 0
51 104 1
51 105 1
51 106 0
51 107 0
51 108 1
51 109 0
51 110 1
51 111 1
51 112 1
51 113 0
51 114 0
51 115 1
51 116 0
51 117 0
51 118 1
51 119 0
51 120 1
51 121 0
51 122 1
51 123 1
51 124 1
51 125 1
51 126 0
51 127 1
51 128 1
51 129 0
51 130 1
51 131 1
52 57 0
52 58 0
52 59 1
52 60 0
52 61 1
52 62 0
52 63 1
52 64 0
52 65 1
52 66 0
52 67 1
52 68 0
52 69 0
52 70 0
52 71 0
52 72 0
52 73 0
52 74 1
52 75 1
52 76 0
52 77 1
52 78 0
52 79 0
52 80 1
52 81 1
52 82 0
52 83 0
52 84 0
52 85 0
52 86 1
52 87 0
52 88 0
52 89 1
52 90 1
52 91 1
52 92 1
52 93 0
52 94 1
52 95 1
52 96 0
52 97 1
52 98 1
52 99 1
52 100 1
52 101 0
52 102 0
52 103 1
52 104 1
52 105 1
52 106 0
52 107 0
52 108 1
52 109 1
52 110 1
52 111 1
52 112 1
52 113 0
52 114 1
52 115 0
52 116 1
52 117 1
52 118 1
52 119 1
52 120 1
52 121 0
52 122 1
52 123 0
52 124 1
52 125 1
52 126 0
52 127 1
52 128 0
52 129 1
52 130 1
52 131 0
53 57 1
53 58 1
53 59 0
53 60 1
53 61 0
53 62 1
53 63 1
53 64 1
53 65 0
53 66 1
53 67 1
53 68 1
53 69 0
53 70 1
53 71 0
53 72 0
53 73 0
53 74 0
53 75 0
53 76 0
53 77 1
53 78 0
53 79 1
53 80 1
53 81 0
53 82 0
53 83 1
53 84 1
53 85 1
53 86 1
53 87 0
53 88 0
53 89 1
53 90 1
53 91 1
53 92 0
53 93 1
53 94 1
53 95 1
53 96 1
53 97 0
53 98 0
53 99 0
53 100 0
53 101 0
53 102 0
53 103 1
53 104 1
53 105 1
53 106 0
53 107 0
53 108 0
53 109 0
53 110 0
53 111 1
53 112 1
53 113 0
53 114 1
53 115 1
53 116 0
53 117 1
53 118 1
53 119 0
53 120 1
53 121 1
53 122 0
53 123 1
53 124 0
53 125 1
53 126 0
53 127 0
53 128 1
53 129 1
53 130 1
53 131 1
54 57 0
54 58 0
54 59 0
54 60 0
54 61 0
54 62 0
54 63 1
54 64 1
54 65 0
54 66 1
54 67 1
54 68 1
54 69 0
54 70 1
54 71 1
54 72 0
54 73 0
54 74 1
54 75 1
54 76 0
54 77 1
54 78 1
54 79 1
54 80 1
54 81 0
54 82 1
54 83 1
54 84 0
54 85 1
54 86 0
54 87 1
54 88 1
54 89 0
54 90 0
54 91 1
54 92 1
54 93 1
54 94 1
54 95 0
54 96 0
54 97 0
54 98 0
54 99 0
54 100 1
54 101 0
54 102 1
54 103 1
54 104 0
54 105 0
54 106 1
54 107 0
54 108 1
54 109 0
54 110 1
54 111 1
54 112 0
54 113 0
54 114 1
54 115 0
54 116 1
54 117 1
54 118 0
54 119 0
54 120 1
54 121 1
54 122 1
54 123 0
54 124 0
54 125 0
54 126 1
54 127 1
54 128 1
54 129 0
54 130 1
54 131 0
55 57 1
55 58 1
55 59 0
55 60 1
55 61 0
55 62 0
55 63 0
55 64 1
55 65 0
55 66 0
55 67 1
55 68 0
55 69 1
55 70 1
55 71 1
55 72 1
55 73 0
55 74 1
55 75 1
55 76 0
55 77 1
55 78 0
55 79 0
55 80 0
55 81 1
55 82 1
55 83 1
55 84 1
55 85 0
55 86 0
55 87 1
55 88 1
55 89 0
55 90 0
55 91 0
55 92 0
55 93 0
55 94 0
55 95 0
55 96 0
55 97 0
55 98 1
55 99 1
55 100 0
55 101 0
55 102 1
55 103 0
55 104 0
55 105 1
55 106 1
55 107 1
55 108 1
55 109 0
55 110 1
55 111 1
55 112 1
55 113 0
55 114 0
55 115 1
55 116 0
55 117 1
55 118 0
55 119 1
55 120 0
55 121 1
55 122 1
55 123 1
55 124 0
55 125 0
55 126 1
55 127 1
55 128 0
55 129 1
55 130 0
55 131 1
56 57 1
56 58 1
56 59 1
56 60 0
56 61 0
56 62 0
56 63 0
56 64 0
56 65 0
56 66 0
56 67 0
56 68 0
56 69 0
56 70 0
56 71 0
56 72 1
56 73 1
56 74 0
56 75 0
56 76 0
56 77 0
56 78 1
56 79 0
56 80 0
56 81 1
56 82 0
56 83 1
56 84 1
56 85 1
56 86 0
56 87 1
56 88 1
56 89 0
56 90 1
56 91 0
56 92 1
56 93 0
56 94 0
56 95 0
56 96 0
56 97 1
56 98 1
56 99 0
56 100 0
56 101 1
56 102 1
56 103 0
56 104 1
56 105 0
56 106 1
56 107 1
56 108 1
56 109 0
56 110 1
56 111 1
56 112 0
56 113 0
56 114 1
56 115 1
56 116 1
56 117 0
56 118 0
56 119 0
56 120 0
56 121 0
56 122 0
56 123 1
56 124 1
56 125 0
56 126 1
56 127 0
56 128 0
56 129 1
56 130 1
56 131 1
